m = 11.142857
c =-11.523810
